"
            -------------
            |938|162|574|
            |147|953|268|
            |625|748|139|
            -------------
            |589|327|641|
            |273|416|895|
            |416|895|327|
            -------------
            |864|539|712|
            |351|274|986|
            |792|681|453|
            ------------- "
;;

"
            -------------
            |632|475|981|
            |978|321|645|
            |514|698|237|
            -------------
            |149|863|752|
            |267|954|318|
            |853|712|496|
            -------------
            |335|247|169|
            |426|189|573|
            |791|536|824|
            ------------- "
;;
